index	return	risk	AAPL	MSFT	NVDA	PLTR	SPY	TSLA
0	0.020248022073629093	0.03414550818027074	0.13454423100358573	0.0	0.0	1.3227071535267836e-17	0.8654557689964143	0.0
1	0.021262829355101733	0.03449256581534871	0.12140284504089534	8.230516600631715e-17	3.2683037283741096e-17	0.009557214731996706	0.8690399402271078	5.120544494109135e-17
2	0.022277636636574366	0.03494357699031544	0.12021336746509302	0.0	1.5100058766005174e-17	0.0195630691925367	0.8602235633423702	2.389708296459764e-17
3	0.023292443918858492	0.03548801863195153	0.11902388042497124	5.701274356166912e-17	0.0	0.02956892330585056	0.851407196269178	0.0
4	0.024307251199380795	0.03612166631053943	0.11783440197815213	0.0	5.0678752846717864e-18	0.039574777724283146	0.8425908202975646	0.0
5	0.025322058480996154	0.036836760521892775	0.11849250774633459	2.1687325800104788e-17	0.003656387655603977	0.04788250997598832	0.8299685946220732	0.0
6	0.026336865762461407	0.037597482342913914	0.12213905220463718	0.0	0.013226523354369106	0.05344375039659577	0.811190674044398	1.6958436365984118e-17
7	0.027351673043930835	0.03839320016660931	0.12578511865888303	8.318516058484546e-17	0.022796801050315212	0.05900490423381287	0.7924131760569889	0.0
8	0.02836648032538299	0.03922178409086576	0.1294313202801086	1.1031846229159209e-16	0.032366849262163384	0.06456617407582067	0.7736356563819073	0.0
9	0.02938128760692038	0.040081195881552664	0.13307463892884938	7.093872795820686e-17	0.041937805998017566	0.07012689652544296	0.7548606585476901	0.0
10	0.03039609488834813	0.040969495566059895	0.136723828701486	0.0	0.051506947671567035	0.07568871674866977	0.7360805068782772	0.0
11	0.03141090216977279	0.04188484521460645	0.14036607061633227	9.762819326554839e-18	0.061080267876133285	0.0812482562936286	0.7173054052139058	0.0
12	0.032425709451332385	0.04282551036113222	0.14401347349927218	2.636320946855162e-17	0.0706495786625158	0.08680992769544806	0.698527020142764	2.239021358094249e-18
13	0.03344051673276907	0.043789859607083176	0.14766220147811435	6.765479956866284e-17	0.08021707277995833	0.0923725270027665	0.6797481987391607	0.0
14	0.03445532401424609	0.044776362726597754	0.15130877252261676	4.2993944797782226e-17	0.08978714018052629	0.0979338014363833	0.6609702858604737	0.0
15	0.03547013129571644	0.04578358768696894	0.15495549643384957	0.0	0.0993546584298867	0.10349631385197176	0.642193531284292	5.7842624721416606e-18
16	0.03648493857721016	0.04681019687519263	0.15860018929466346	1.5552144757947137e-17	0.10892870986809916	0.1090555919251621	0.6234155089120753	0.0
17	0.03749974585866007	0.04785494278807496	0.16224753232339884	0.0	0.11849760265929503	0.11461746313542133	0.6046374018818849	3.421890424026797e-17
18	0.038514553140132454	0.04891666336519745	0.1658937621788451	6.100316120659532e-17	0.12806766617338927	0.12017872664044894	0.5858598450073167	0.0
19	0.039529360421612814	0.04999427715297634	0.16953997510691002	9.861855883361263e-17	0.13763773091865947	0.12573998891500823	0.5670823050594223	0.0
20	0.04054416770307702	0.05108677841713179	0.17318620217359415	1.364457330585408e-17	0.14720780563853025	0.13130124689847	0.5483047452894056	0.0
21	0.0415589749845602	0.05219323229850355	0.1768323982728797	8.06853448468665e-17	0.1567778932273756	0.1368624974989116	0.5295272110008331	0.0
22	0.042573782266030286	0.053312770085776014	0.1804785748644365	0.0	0.1663480170948765	0.1424237298300835	0.5107496782106035	1.2134251539897987e-17
23	0.04358858954746101	0.054444584657510536	0.18412035699989046	0.0	0.17591917256501147	0.14798429853551137	0.4919761718995867	5.463779347426653e-18
24	0.04460339682899158	0.05558792612023272	0.1877698409595134	0.0	0.1854888703482786	0.15354586098269166	0.47319542770951634	4.860459943256525e-17
25	0.045618204110446425	0.05674209768724708	0.19141737904818035	1.2823902747044975e-17	0.1950579335061251	0.1591076571607987	0.45441703028489594	0.0
26	0.046633011391906065	0.05790645177627193	0.19506362547141956	0.0	0.20462798215118308	0.1646689284752064	0.43563946390219094	3.911282359014803e-17
27	0.04764781867338522	0.059080386359757826	0.1987098480494614	0.0	0.21419800716864384	0.17023021031616217	0.4168619344657326	2.0209030439848098e-17
28	0.04866262595486334	0.06026334155395127	0.20235609418123482	0.0	0.22376802308488483	0.1757914974407191	0.3980843852931613	0.0
29	0.04967743323633195	0.061454796442640486	0.2060023424508763	0.0	0.2333380394298739	0.18135278443817693	0.379306833681073	1.1195823798643557e-17
30	0.05069224051785194	0.06265426613200888	0.2096407458243145	7.518417313151176e-17	0.24291090514288685	0.18691239959484318	0.36053594943795547	9.60464277402617e-18
31	0.05170704779923713	0.0638612990031323	0.21328897483122367	0.0	0.2524803588109518	0.19247403293709772	0.3417566334207268	1.970854289201609e-17
32	0.05272185508077898	0.06507547421262788	0.21693705771519145	0.0	0.2620498064180358	0.19803566372571607	0.32297747214105677	0.0
33	0.05373666236224237	0.06629639933961681	0.22058483153068334	0.0	0.2716193030262874	0.2035972592251694	0.3041986062178599	0.0
34	0.054751469643684214	0.06752370824060519	0.22423220546542377	5.224711858571413e-17	0.2811888969125395	0.20915879269047247	0.2854201049315642	0.0
35	0.055766276925173504	0.06875705906655848	0.2278795438688661	0.0	0.2907583650274723	0.21472038561957926	0.2666417054840822	2.3078453949538476e-17
36	0.056781084206637196	0.0699961324370534	0.2315258508170602	0.0	0.3003281883420694	0.22028176812930286	0.24786419271156745	5.2030864651415e-18
37	0.05779589148728414	0.07124062975856	0.23517221448054523	0.0	0.30989824879776406	0.22584303812732975	0.2290864985943609	4.646598459502571e-18
38	0.058810698769641324	0.07249027168300737	0.23881842405465725	0.0	0.3194683110587797	0.2314043014855486	0.21030896340101435	3.797439749960527e-18
39	0.05982550605106216	0.07374479667421566	0.24246470082144184	1.0956556143497303e-16	0.32903835798897324	0.2369655747675349	0.19153136642205	0.0
40	0.06084031333253478	0.0750039597095074	0.24611092859153097	0.0	0.33860839622933064	0.24252685041145408	0.17275382476768422	2.529783129890388e-17
41	0.0618551206140125	0.07626753107130683	0.24975874912573062	0.0	0.3481746393311673	0.2480900203895347	0.15397659115356738	0.0
42	0.06286992789546107	0.07753529523057873	0.25340511548258704	0.0	0.3577498384793145	0.25364880648457394	0.13519623955352447	1.5786416041831303e-17
43	0.0638847351769401	0.07880704984501125	0.2570506554859795	4.281081673412952e-18	0.36732009708399266	0.2592099497890593	0.11641929764096859	2.3307954401536547e-18
44	0.06489954245826182	0.08008260480179927	0.2607025203418898	0.0	0.3768891333907769	0.2647719213596882	0.09763642490764507	1.3981979283093386e-17
45	0.06591434973990012	0.0813617813593648	0.264342142468937	6.032764812893351e-18	0.38645864927239953	0.27033320155367335	0.07886600670498994	5.959526961893016e-18
46	0.06692915702136999	0.0826444113532778	0.2679883277181121	0.0	0.39602869189107687	0.27589447348500157	0.06008850690580955	1.516985201184758e-17
47	0.0679439643028327	0.08393033645615648	0.27163486365443357	0.0	0.4055999364490839	0.28145517757002025	0.041310022326462324	4.7181341177248556e-17
48	0.0689587715843153	0.08521940750228886	0.27528084780913925	0.0	0.415168697631146	0.28701706139147976	0.022533393168234984	0.0
49	0.06997357886577688	0.08651148386326732	0.2789302222079777	9.112765197337657e-18	0.42473964120916374	0.2925780175159371	0.0037521190669214106	0.0
50	0.07098838614726276	0.08780970662003124	0.26923540890538916	2.3549692630370914e-18	0.43201857689669815	0.29874601419791263	1.4792530259842822e-17	1.559796139976748e-17
51	0.07200319342873389	0.0891204604386141	0.25620895136961314	0.0	0.4387256753972847	0.305065373233102	9.86062980501592e-17	1.6887265483446172e-17
52	0.07301800071031295	0.09044339918627535	0.243182493096948	1.7695204100228746e-17	0.4454327753757494	0.3113847315273025	0.0	0.0
53	0.07403280799085209	0.09177799594211898	0.23015603648181188	6.188578899526087e-18	0.4521398720452168	0.3177040914729714	1.0633705358701424e-17	0.0
54	0.07504761527315182	0.09312374948324771	0.21712957482274917	5.140859276733435e-19	0.45884697881100883	0.324023446366242	2.9567007857770855e-17	0.0
55	0.0760624225546124	0.09448018306364243	0.20410312140514233	9.103851500356828e-18	0.46555406904098523	0.33034280955387246	0.0	2.2428221754607477e-18
56	0.0770772298360971	0.0958468432506956	0.19107666030998632	0.0	0.4722611746898684	0.33666216500014545	0.0	1.2858139896007145e-17
57	0.07809203711815074	0.09722329878231525	0.17805020094030793	6.514705835757229e-18	0.4789682768624447	0.3429815221972475	2.905212894702172e-19	0.0
58	0.0791068443989944	0.09860913946609605	0.1650237452753493	0.0	0.48567537161776436	0.3493008831068864	7.08601654395459e-17	0.0
59	0.08012165168045651	0.10000397513095856	0.1519972879401827	0.0	0.4923824697156256	0.35562024234419165	1.357589950859139e-17	0.0
60	0.08113645896190895	0.10140743460514684	0.13897082961395987	0.0	0.49908956980408153	0.36193960058195856	5.698111799196658e-17	0.0
61	0.08215126624346497	0.10281916474999973	0.1259443696291498	0.0	0.5057966732216104	0.3682589571492398	5.146479302404481e-17	0.0
62	0.08316607352483046	0.10423882953094038	0.11291791493782931	9.940327349157035e-18	0.5125037660114996	0.3745783190506712	0.0	5.6899390798169374e-18
63	0.08418088080640858	0.10566610913435148	0.09989145228798293	1.5141947568252764e-18	0.5192108747809873	0.3808976729310298	0.0	8.339302928968537e-18
64	0.08519568808788704	0.10710069912298903	0.08686499344444092	3.429831215119696e-18	0.5259179759079137	0.3872170306476455	0.0	1.3693129680606648e-17
65	0.08621049536953065	0.10854230963629664	0.0738385360257942	0.0	0.5326250741699542	0.3935363898042516	5.968217775729272e-17	0.0
66	0.0872253026502705	0.10999066462616303	0.06081208522582467	1.193732627856568e-17	0.53933215915656	0.3998557556176153	0.0	1.3886080400084052e-17
67	0.08824010993207004	0.11144550114031906	0.0477856227853634	0.0	0.5460392675012796	0.4061751097133571	0.0	1.1373511699425875e-18
68	0.08925491721294304	0.11290656862684123	0.034759168034708965	7.955119156405091e-18	0.5527463604197751	0.41249447154551594	0.0	1.696790924714383e-18
69	0.09026972449443199	0.11437362829521945	0.02173272417657781	7.188271699996375e-18	0.5594534314502304	0.41881384437319175	0.0	0.0
70	0.09128453177661147	0.11584645249393012	0.00870624455350235	1.8164001149476394e-18	0.5661605742967357	0.425133181149762	3.356552542893078e-18	6.3897143447805565e-18
71	0.09229933905818674	0.11733145705220561	0.0	9.883652278203678e-18	0.56419108106194	0.43580891893806	0.0	6.682084061014093e-19
72	0.0933141463396594	0.11891409362743922	6.348242350079071e-18	5.211283172870057e-18	0.5447362161977352	0.45526378380226484	3.122970771857203e-19	0.0
73	0.09432895362113206	0.12061672421198538	0.0	0.0	0.5252813513335304	0.47471864866646973	5.286904974636838e-18	0.0
74	0.09534376090260469	0.12243434282576865	1.0294829473410431e-17	4.254812217553423e-18	0.5058264864693254	0.4941735135306746	0.0	5.9281162730921514e-18
75	0.09635856818407731	0.12436190772852629	0.0	9.28127046212398e-18	0.48637162160512076	0.5136283783948792	5.794065393943113e-17	4.8570165284183875e-18
76	0.09737337546554996	0.1263943888459139	0.0	0.0	0.4669167567409159	0.5330832432590841	0.0	5.500730523209291e-18
77	0.09838818274702263	0.1285268089417093	1.3105161687285928e-17	1.937757731291057e-18	0.44746189187671065	0.5525381081232894	9.556176600305322e-18	0.0
78	0.09940299002849526	0.13075427851086985	8.602006361024693e-18	0.0	0.4280070270125061	0.571992972987494	2.4323276409560105e-17	8.499653432385966e-18
79	0.10041779730996789	0.13307202458898168	4.0934048105635454e-18	0.0	0.4085521621483014	0.5914478378516986	0.0	1.6590002543140573e-17
80	0.10143260459144054	0.13547541383836376	0.0	2.2142132641434883e-17	0.3890972972840964	0.6109027027159035	0.0	0.0
81	0.10244741187291322	0.13795997038378294	1.267002824551523e-17	4.189773536199779e-18	0.3696424324198912	0.6303575675801089	8.525752408891042e-18	0.0
82	0.10346221915438582	0.14052138893800298	4.011537233795849e-17	0.0	0.35018756755568686	0.6498124324443131	1.9142747609714426e-17	0.0
83	0.10447702643585845	0.14315554378713286	0.0	2.466455674349605e-17	0.33073270269148236	0.6692672973085176	0.0	0.0
84	0.10549183371733112	0.14585849420608624	0.0	1.6976218376563327e-17	0.31127783782727697	0.688722162172723	4.081885544082568e-17	0.0
85	0.10650664099880376	0.14862648685310767	4.412498205702838e-18	0.0	0.2918229729630724	0.7081770270369276	0.0	4.201138745985927e-18
86	0.1075214482802764	0.15145595565602576	0.0	0.0	0.2723681080988675	0.7276318919011325	0.0	8.574288161910778e-18
87	0.10853625556174903	0.15434351965734106	0.0	8.693449655859349e-18	0.25291324323466297	0.7470867567653371	2.4795255036923412e-17	0.0
88	0.10955106284322169	0.15728597923497503	1.7249968097467118e-17	7.512129113392532e-18	0.2334583783704574	0.7665416216295425	2.282742214926898e-17	0.0
89	0.11056587012469433	0.1602803110639197	0.0	0.0	0.21400351350625324	0.7859964864937469	0.0	0.0
90	0.11158067740616698	0.16332366213363486	4.654885728548124e-18	1.4322481053136086e-17	0.19454864864204802	0.805451351357952	0.0	2.380215047628833e-17
91	0.11259548468763964	0.16641334308849606	0.0	1.2818823053950645e-17	0.1750937837778429	0.8249062162221571	4.416899950527009e-17	0.0
92	0.11361029196941426	0.16954682111590458	0.0	0.0	0.15563891890784895	0.8443610810921511	2.688821387764051e-17	2.3729814288063413e-17
93	0.11462509924497186	0.1727217125422843	2.5595883824397137e-17	1.447622488930139e-17	0.13618405415704163	0.8638159458429584	1.5900987428012815e-18	9.03454065420867e-19
94	0.11563990653205757	0.1759357754302703	2.6062308118432488e-17	1.596598105624696e-17	0.11672918918522868	0.8832708108147713	6.80895913251648e-18	1.3253222436743394e-17
95	0.11665471381353018	0.17918690189299563	0.0	0.0	0.09727432432102401	0.9027256756789759	0.0	0.0
96	0.11766952109500281	0.18247311087095144	0.0	0.0	0.07781945945681959	0.9221805405431804	3.4983254598405325e-17	9.71872828908999e-19
97	0.11868432837486244	0.18579254080026453	2.7541003573979504e-17	2.4278372949121103e-23	0.058364594623538234	0.9416354053764618	2.4505133050209183e-18	1.0915437055453407e-17
98	0.11969913565024608	0.18914344261576224	8.10462938674601e-19	4.582221222418924e-19	0.03890972987606565	0.9610902701239344	1.6075291643552896e-25	3.0824721426511726e-19
99	0.12071394293942075	0.19252417307075426	0.0	0.0	0.019454864864205043	0.980545135135795	2.2200470975911897e-17	0.0
100	0.1217287502208934	0.1959331880670093	0.0	0.0	0.0	1.0	0.0	0.0
